1600    72.45500928     NaN     NaN     48.55922275
1601    84.60977118     NaN     NaN     41.76093156
1602    74.34925788     NaN     NaN     40.15847721
1603    70.71861472     NaN     NaN     40.59551022
1604    63.77303649     NaN     NaN     44.48024804
1605    70.71861472     NaN     NaN     52.68675668
1606    73.87569573     NaN     NaN     64.63232548
1607    70.87646877     NaN     NaN     64.58376625
1608    80.03200371     NaN     NaN     55.35751393
1609    88.24041435     NaN     NaN     50.11311787
1610    79.40058751     NaN     NaN     42.10084612
1611    73.08642548     NaN     NaN     41.76093156
1612    82.71552257     NaN     NaN     48.75345964
1613    86.66187384     NaN     NaN     47.05388684
1614    89.50324675     NaN     NaN     41.90660923
1615    88.55612245     NaN     NaN     56.03734305
1616    88.7139765      NaN     NaN     60.01919932
1617    84.76762523     NaN     NaN     62.39860123
1618    82.71552257     NaN     NaN     56.18302072
1619    77.97990105     NaN     NaN     51.52133533
1620    76.55921459     NaN     NaN     47.63659751
1621    72.77071738     NaN     NaN     49.77320332
1622    82.55766852     NaN     NaN     50.11311787
1623    92.81818182     NaN     NaN     60.74758766
1624    85.71474954     NaN     NaN     59.04801486
1625    84.29406308     NaN     NaN     57.10564595
1626    87.13543599     NaN     NaN     59.82496242
1627    78.29560915     NaN     NaN     64.0496148
1628    73.55998763     NaN     NaN     67.59443806
1629    80.50556586     NaN     NaN     68.41994485
1630    93.92316017     NaN     NaN     68.27426718
1631    107.6564626     NaN     NaN     74.2956108
1632    91.55534941     NaN     NaN     64.38952936
1633    89.18753865     NaN     NaN     60.74758766
1634    96.44882498     NaN     NaN     58.75665952
1635    94.23886827     NaN     NaN     58.02827118
1636    93.60745207     NaN     NaN     60.79614688
1637    98.02736549     NaN     NaN     64.24385169
1638    111.6028139     NaN     NaN     66.86604972
1639    95.81740878     NaN     NaN     62.15580512
1640    86.18831169     NaN     NaN     55.64886927
1641    92.50247372     NaN     NaN     70.99358366
1642    87.92470625     NaN     NaN     85.31855437
1643    87.29329004     NaN     NaN     62.88419346
1644    83.82050093     NaN     NaN     68.12858951
1645    90.60822511     NaN     NaN     71.62485355
1646    89.81895485     NaN     NaN     80.21983598
1647    105.2886518     NaN     NaN     76.86924961
1648    121.547619      NaN     NaN     78.08323018
1649    129.5981756     NaN     NaN     78.81161852
1650    132.4395485     NaN     NaN     97.45836005
1651    111.1292517     NaN     NaN     84.29881069
1652    102.2894249     NaN     NaN     85.70702815
1653    91.39749536     NaN     NaN     82.59923789
1654    85.71474954     NaN     NaN     83.32762623
1655    83.82050093     NaN     NaN     80.99678354
1656    88.24041435     NaN     NaN     84.1045738
1657    96.60667904     NaN     NaN     71.23637977
1658    101.9737168     NaN     NaN     77.74331562
1659    110.4978355     NaN     NaN     82.64779712
1660    107.9721707     NaN     NaN     88.62058151
1661    117.0495555     NaN     NaN     83.08483012
1662    121.344952      NaN     NaN     80.85110587
1663    119.1972538     NaN     NaN     97.84683384
1664    112.754159      NaN     NaN     129.9930393
1665    112.754159      NaN     NaN     127.8564335
1666    108.4587624     NaN     NaN     124.0202549
1667    103.0895168     NaN     NaN     112.0746861
1668    103.0895168     NaN     NaN     132.8580334
1669    98.79412024     NaN     NaN     107.5101192
1670    99.86796937     NaN     NaN     97.50691928
1671    98.79412024     NaN     NaN     103.9167367
1672    95.57257284     NaN     NaN     106.2961386
1673    94.4987237      NaN     NaN     99.30361052
1674    100.9418185     NaN     NaN     103.0912299
1675    108.4587624     NaN     NaN     110.2779949
1676    103.0895168     NaN     NaN     114.8425618
1677    95.57257284     NaN     NaN     133.0037111
1678    96.64642197     NaN     NaN     146.503175
1679    102.0156676     NaN     NaN     135.9658237
1680    99.86796937     NaN     NaN     121.20382
1681    96.64642197     NaN     NaN     83.13338934
1682    96.64642197     NaN     NaN     66.57469439
1683    94.4987237      NaN     NaN     88.62058151
1684    95.57257284     NaN     NaN     92.16540477
1685    97.7202711      NaN     NaN     78.61738163
1686    98.79412024     NaN     NaN     68.66274096
1687    86.98177977     NaN     NaN     63.27266724
1688    86.98177977     NaN     NaN     65.55495071
1689    85.90793064     NaN     NaN     62.9813119
1690    88.05562891     NaN     NaN     63.90393714
1691    89.12947804     NaN     NaN     68.9540963
1692    88.05562891     NaN     NaN     75.16967681
1693    92.35102544     NaN     NaN     62.30148278
1694    102.0156676     NaN     NaN     70.50799143
1695    102.0156676     NaN     NaN     73.71290013
1696    106.5047091     NaN     NaN     71.81909044
1697    107.3849133     NaN     NaN     61.86444978
1698    112.6661385     NaN     NaN     80.02559909
1699    116.1869554     NaN     NaN     85.31855437
1700    101.2234838     NaN     NaN     72.74171568
1701    88.02042074     NaN     NaN     65.28835691
1702    87.14021653     NaN     NaN     67.68226333
1703    82.73919549     NaN     NaN     64.30903156
1704    86.26001232     NaN     NaN     59.41240479
1705    78.33817446     NaN     NaN     58.75952122
1706    88.90062494     NaN     NaN     78.89009793
1707    77.45797025     NaN     NaN     71.0554951
1708    80.97878708     NaN     NaN     66.70293798
1709    94.18185019     NaN     NaN     68.44396083
1710    107.3849133     NaN     NaN     79.97823721
1711    118.827568      NaN     NaN     68.77040261
1712    88.90062494     NaN     NaN     54.18933624
1713    85.37980812     NaN     NaN     60.17410229
1714    90.66103336     NaN     NaN     54.29815016
1715    91.54123757     NaN     NaN     60.50054407
1716    87.14021653     NaN     NaN     54.18933624
1717    83.6193997      NaN     NaN     47.76931447
1718    81.85899129     NaN     NaN     51.46898803
1719    85.37980812     NaN     NaN     47.1164309
1720    89.78082915     NaN     NaN     40.80522307
1721    88.02042074     NaN     NaN     42.54624592
1722    80.97878708     NaN     NaN     50.48966268
1723    78.33817446     NaN     NaN     55.27747552
1724    82.73919549     NaN     NaN     56.03917301
1725    85.37980812     NaN     NaN     47.76931447
1726    89.78082915     NaN     43.58538658     51.57780196
1727    84.49960391     NaN     41.971113       49.51033732
1728    87.14021653     NaN     40.61172472     50.48966268
1729    91.54123757     NaN     40.27187766     49.18389554
1730    83.6193997      NaN     41.54630416     52.99238303
1731    77.45797025     NaN     41.7162277      47.1164309
1732    78.33817446     NaN     41.7162277      46.35473341
1733    74.81735763     NaN     42.7357689      47.8781284
1734    77.45797025     NaN     46.47408666     58.10663765
1735    78.33817446     NaN     46.47408666     58.21545158
1736    76.57776604     NaN     45.11469839     53.42763874
1737    81.85899129     NaN     44.85981308     63.98258977
1738    80.09858287     NaN     46.6440102      66.48531012
1739    78.33817446     NaN     46.04927782     57.23612622
1740    88.02042074     NaN     46.72897196     66.92056583
1741    95.0620544      NaN     51.99660153     61.69749728
1742    87.14021653     NaN     45.96431606     57.88900979
1743    82.73919549     NaN     43.07561597     51.68661589
1744    73.93715342     NaN     45.02973662     55.05984766
1745    74.81735763     NaN     46.21920136     50.27203482
1746    81.85899129     NaN     48.93797791     48.31338411
1747    79.21837866     NaN     51.06202209     52.44831338
1748    82.73919549     NaN     53.69583687     56.14798694
1749    84.49960391     66.59125189     50.21240442     58.10663765
1750    83.6193997      59.12518854     50.97706032     65.83242655
1751    79.21837866     63.80090498     51.23194562     71.27312296
1752    81.85899129     65.00754148     51.48683093     64.74428727
1753    79.21837866     64.02714932     49.19286321     83.89553863
1754    79.21837866     63.7254902      48.17332201     71.59956474
1755    80.97878708     64.9321267      47.06881903     69.85854189
1756    80.97878708     65.08295626     48.42820731     52.01305767
1757    95.9422586      64.1025641      52.42141037     55.93035909
1758    93.30164598     68.62745098     52.16652506     61.04461371
1759    88.02042074     77.52639517     53.1011045      55.6039173
1760    86.26001232     78.05429864     51.40186916     63.65614799
1761    82.73919549     75.49019608     48.93797791     60.82698585
1762    82.73919549     85.21870287     48.34324554     64.96191513
1763    88.02042074     77.8280543      49.10790144     73.44940152
1764    89.78082915     72.39819005     50.80713679     91.62132753
1765    93.30164598     71.11613876     51.74171623     86.61588683
1766    94.18185019     71.71945701     57.09430756     86.07181719
1767    95.9422586      75.18853695     60.06796941     88.46572361
1768    95.0620544      72.32277526     61.76720476     82.37214363
1769    87.14021653     75.18853695     62.27697536     88.0304679
1770    88.02042074     75.64102564     67.03483432     77.36670294
1771    94.18185019     77.37556561     68.05437553     72.03482046
1772    102.9838923     87.55656109     64.74086661     82.26332971
1773    104.7443007     82.12669683     64.14613424     82.15451578
1774    102.1036881     74.96229261     61.59728122     73.88465724
1775    99.46307543     73.30316742     63.80628717     73.88465724
1776    100.3432796     84.91704374     59.98300765     74.21109902
1777    95.0620544      120.361991      63.12659303     73.99347116
1778    102.9838923     136.8778281     66.69498726     73.3405876
1779    97.70266702     221.9457014     61.68224299     86.18063112
1780    96.82246281     220.8898944     58.19881054     101.6322089
1781    101.2234838     211.3122172     61.59728122     87.59521219
1782    102.1036881     211.7647059     64.40101954     80.304679
1783    113.5463428     NaN     65.67544605     72.5788901
1784    110.9057301     NaN     65.84536958     83.7867247
1785    105.6245049     90.49773756     64.74086661     97.71490751
1786    104.7443007     87.85822021     63.4664401      95.97388466
1787    102.9838923     88.38612368     64.14613424     99.45593036
1788    106.5047091     81.8627451      66.86491079     97.82372144
1789    102.9838923     84.61538462     74.3415463      105.2230686
1790    109.1453217     88.15987934     71.11299915     104.3525571
1791    106.5047091     82.95625943     77.21420853     83.89553863
1792    107.3849133     NaN     95.00311607     91.73014146
1793    113.5463428     100     135.1444302     108.3786725
1794    119.7077722     105.9577677     175.0581553     108.9227421
1795    129.3900185     128.8838612     774.2297131     93.47116431
1796    135.5514479     143.6651584     70.85811385     105.2230686
1797    130.2702227     128.5067873     75.53101105     132.7529924
1798    130.2702227     119.6078431     71.70773152     138.7377584
1799    140.8326732     123.1523379     66.52506372     120.5658324
1800    165.0943396     126.4705882     76.97536109     128.0739935
1801    177.3584906     139.4419306     82.41291419     146.2459195
1802    143.3962264     114.7058824     82.92268479     169.2056583
1803    151.8867925     115.3846154     79.94902294     226.9858542
1804    150     123.3785822     76.46559048     263.7649619
1805    160.3773585     138.0844646     79.5242141      203.5908596
1806    156.6037736     130.9954751     79.86406117     133.9499456
1807    151.8867925     127.224736      76.80543755     111.8607182
1808    178.3018868     112.9713424     83.51741716     94.12404788
1809    194.3396226     126.9984917     78.67459643     92.49183896
1810    182.0754717     128.4313725     82.66779949     101.7410229
1811    167.9245283     123.453997      87.42565845     205.6583243
1812    184.9056604     128.7330317     97.36618522     331.3384113
1813    191.509434      159.2006033     87.51062022     203.9173014
1814    190.5660377     178.6576169     79.43925234     161.0446137
1815    154.7169811     166.214178      73.15208156     141.4581066
1816    135.8490566     148.1900452     84.9617672      118.4983678
1817    151.8867925     148.1900452     94.64740867     120.1305767
1818    150.9433962     143.5143288     85.47153781     125.6800871
1819    138.6792453     122.6244344     72.72727273     117.0837867
1820    124.5283019     104.2232278     75.53101105     104.0261153
1821    114.1509434     100.1508296     72.38742566     84.5484222
1822    109.4339623     104.147813      73.3220051      84.22198041
1823    113.2075472     100.6033183     76.72047579     83.7867247
1824    115.0943396     95.85218703     73.23704333     123.9390642
1825    125.4716981     101.0558069     79.69413764     123.2861806
1826    110.3773585     97.43589744     77.57009346     102.6115343
1827    110.3773585     95.62594268     79.0144435      81.71926007
1828    105.6603774     94.64555053     77.57009346     78.23721436
1829    103.7735849     93.66515837     81.30841121     75.62568009
1830    102.8301887     89.21568627     82.41291419     82.37214363
1831    105.6603774     92.00603318     77.14528462     96.73558215
1832    102.8301887     92.760181       74.76635514     110.0108814
1833    100.9433962     92.760181       75.27612574     107.1817193
1834    105.6603774     87.93363499     74.76635514     88.13928183
1835    105.6603774     97.81297134     76.12574342     97.06202394
1836    116.0377358     111.9909502     77.57009346     107.7257889
1837    111.3207547     112.8205128     71.87765506     124.5919478
1838    112.2641509     108.0693816     73.3220051      126.3329706
1839    122.6415094     109.7285068     71.79269329     110.9902067
1840    120.754717      93.21266968     72.30246389     107.508161
1841    114.1509434     89.89441931     71.02803738     94.9945593
1842    104.7169811     79.93966817     72.99065421     101.4145811
1843    99.05660377     73.90648567     70.37383178     91.5125136
1844    101.8867925     75.71644042     72.89719626     88.35690968
1845    103.7735849     81.74962293     71.96261682     79.5429815
1846    102.8301887     81.22171946     76.91588785     99.56474429
1847    108.490566      88.15987934     81.77570093     121.5451578
1848    94.33962264     80.2413273      70.37383178     86.83351469
1849    89.62264151     80.2413273      68.87850467     84.87486398
1850    89.62264151     82.35294118     68.13084112     84.98367791
1851    85.8490566      81.4479638      68.03738318     88.90097933
1852    88.67924528     86.65158371     71.02803738     84.76605005
1853    105.6603774     95.02262443     79.25233645     91.18607182
1854    117.9245283     106.0331825     88.69158879     90.42437432
1855    117.9245283     107.9939668     94.6728972      90.09793254
1856    116.9811321     102.6395173     96.26168224     107.9434168
1857    119.8113208     108.6726998     90      109.031556
1858    104.7169811     91.55354449     81.68224299     106.6376496
1859    108.490566      92.98642534     77.38317757     96.19151251
1860    113.2075472     90.87481146     86.1682243      104.8966268
1861    108.490566      86.87782805     90.56074766     110.554951
1862    113.2075472     101.8099548     87.85046729     109.2491839
1863    114.1509434     130.5429864     86.72897196     111.2078346
1864    112.2641509     189.1402715     84.11214953     112.6224157
1865    110.3773585     181.6742081     83.45794393     107.9434168
1866    113.2075472     170.361991      87.57009346     110.663765
1867    111.3207547     159.2006033     92.80373832     114.0369967
1868    108.490566      154.9019608     94.6728972      115.5603917
1869    100.9433962     147.9638009     88.69158879     97.71490751
1870    103.7735849     131.9758673     90.74766355     103.6996736
1871    108.490566      127.7526395     105.6074766     100.9793254
1872    120.754717      133.1825038     97.85046729     96.62676823
1873    119.8113208     130.6184012     100.9345794     98.91186072
1874    114.1509434     123.0769231     102.6168224     101.9586507
1875    110.3773585     116.0633484     90.93457944     100.9793254
1876    108.490566      108.2202112     94.29906542     100.1088139
1877    103.7735849     104.2232278     96.63551402     101.3057671
1878    95.28301887     89.06485671     97.75700935     99.45593036
1879    92.45283019     87.85822021     96.26168224     104.6789989
1880    96.22641509     98.26546003     100.1869159     101.1969532
1881    93.39622642     100.7541478     100     107.0729053
1882    95.28301887     106.1840121     97.75700935     112.2959739
1883    95.28301887     98.56711916     98.78504673     109.031556
1884    89.62264151     90.87481146     96.63551402     109.4668118
1885    83.01886792     83.33333333     93.27102804     109.14037
1886    78.30188679     79.93966817     93.08411215     104.8966268
1887    76.41509434     82.88084465     91.68224299     102.8291621
1888    79.24528302     84.31372549     88.03738318     104.4613711
1889    79.24528302     79.71342383     89.34579439     105.2230686
1890    82.0754717      80.31674208     91.12149533     101.8498368
1891    81.13207547     80.09049774     92.80373832     100.6528836
1892    77.35849057     74.88687783     88.78504673     102.7203482
1893    77.35849057     76.69683258     87.00934579     105.2230686
1894    69.81132075     68.62745098     89.71962617     100.1088139
1895    67.9245283      70.06033183     88.31775701     98.36779108
1896    68.86792453     66.59125189     87.19626168     105.5495103
1897    69.81132075     66.89291101     86.44859813     100
1898    73.58490566     69.53242836     87.47663551     97.06202394
1899    79.24528302     75.11312217     86.63551402     97.06202394
1900    85.8490566      80.46757164     87.19626168     106.8552775
1901    81.13207547     79.26093514     83.8317757      107.8346028
1902    81.13207547     84.31372549     82.80373832     109.4668118
1903    81.13207547     85.36953243     87.57009346     112.8400435
1904    78.30188679     85.29411765     86.26168224     108.8139282
1905    81.13207547     86.12368024     83.55140187     112.6224157
1906    87.73584906     88.3107089      82.89719626     111.7519042
1907    91.50943396     93.43891403     87.28971963     121.6539717
1908    82.0754717      90.04524887     88.5046729      115.3427639
1909    85.8490566      97.20965309     87.85046729     108.7051143
1910    91.50943396     100.678733      90.18691589     108.2698585
1911    96.22641509     92.83559578     99.25233645     105.8759521
1912    98.11320755     98.94419306     101.4953271     101.8498368
1913    100     100     100     100
1914    99.71098266     101.4748549     100     102.8291621
1915    112.2559653     102.4419729     119     100.3264418
1916    132.5224072     110.1547389     134     111.0990207
1917    165.8653846     129.5454545     160     129.0533188
1918    202.5440313     151.934236      207     144.3960827
1919    222.5806452     175.1208897     259     161.2622416
1920    256.8238213     202.6353965     357     178.6724701
1921    235.2272727     180.3916828     312     165.6147987
1922    202.1484375     169.2698259     300     166.702938
1923    189.9082569     172.3646035     333     173.3405876
1924    188.5245902     173.0174081     380     174.7551687
1925    189.213894      177.3452611     407     181.7192601
1926    187.8402904     178.868472      530     177.4755169
1927    183.1858407     175.3384913     553     183.5690968
1928    182.8621908     173.4526112     552     181.828074
1929    181.2609457     173.3317215     586     171.164309
1930    176.0204082     168.9071567     590     173.3405876
1931    168.5667752     153.6025145     567     171.164309
1932    164.2857143     137.8868472     517     168.0087051
1933    160.7142857     130.6092843     500     162.2415669
1934    160.7142857     135.1789168     479     166.4853101
1935    161.71875       138.7088975     439     168.4439608
1936    162.992126      140.1112186     471     170.0761697
1937    168.5667752     145.2611219     593     188.4657236
1938    171.0743802     142.4323017     673     211.9695321
1939    176.6211604     140.5947776     717     241.8933624
1940    207     141.6102515     851     285.8541893
1941    230     148.7185687     998     354.8422198
1942    247.6076555     164.8210832     1199    370.8378672
1943    256.8238213     174.9032882     1489    367.7910773
1944    264.7058824     177.7562863     1820    388.1392818
1945    273.0870712     181.8423598     2700    408.5963003
1946    282.0163488     197.2437137     4119    527.9651795
1947    303.5190616     225.7495164     6145    613.9281828
1948    323.4375        243.1092843     9752    663.4385201
1949    332.4469011     240.6189555     11037   721.6539717
1950    342.6575557     243.2059961     12111   797.2796518
1951    373.8901462     262.5725338     14116   866.2676823
1952    408.2610115     268.4719536     15794   872.5788901
1953    420.9942984     270.5996132     15529   899.7823721
1954    428.5546875     271.5425532     15595   901.6322089
1955    448.0525331     270.8413926     15739   920.5658324
1956    470.0015364     274.8549323     16401   944.8313384
1957    487.5113975     283.5106383     16897   1045.266594
1958    502.2565438     291.9245648     19448   1172.470076
1959    505.0212587     294.6324952     20643   1247.660501
1960    510.0899027     299.0812379     21395   1255.495103
1961    527.5997639     302.2969052     22098   1245.70185
1962    550.0861119     305.8268859     23162   1292.383025
1963    560.9145787     309.6711799     24297   1375.299238
1964    579.3229722     313.7088975     25061   1500.979325
1965    606.9355624     318.4719536     25756   1723.286181
1966    630.7581893     328.2398453     26418.53187     1866.920566
1967    646.4594661     337.3791103     27138.00841     2067.791077
1968    676.7791731     351.4990329     28361.69219     2181.828074
1969    713.5959601     370.6237911     30191.32306     2226.550598
1970    759.0755206     391.6549468     31764.68892     2381.828074
1971    830.5434012     408.2084813     33568.13455     2611.316649
1972    889.5585451     421.5689483     35638.74281     2842.328618
1973    971.3134692     447.9537699     38923.41956     3099.564744
1974    1126.71821      497.2782611     44266.04017     3506.202394
1975    1399.83055      542.7374601     49476.71491     4035.146899
1976    1631.404892     574.0799392     54226.23753     4820.892274
1977    1889.978933     611.2203568     59302.58206     6041.893362
1978    2046.784877     657.855949      64687.82748     7235.690968
1979    2320.935668     731.8847        71637.32752     8371.273123
1980    2738.392553     830.7017387     81364.23071     9671.817193
1981    3063.427391     916.9145633     92238.18146     11084.00435
1982    3327.193682     973.3814425     103184.4229     12680.63112
1983    3479.845827     1004.135725     113049.0905     14223.83025
1984    3653.266971     1047.99839      121489.0568     15825.46246
1985    3875.495263     1084.970752     128531.9007     16939.17301
1986    4007.378408     1106.061803     131974.7195     18562.13275
1987    4174.522122     1146.647373     136127.4159     19543.63439
1988    4379.356377     1193.366993     139774.6438     20482.37214
1989    4719.381241     1250.590125     144795.1208     21876.27856
1990    5165.919917     1318.400797     149682.7198     23341.34929
1991    5469.074615     1374.027395     154506.9886     24678.45484
1992    5673.90887      1415.789358     158087.3645     26197.47718
1993    5764.035943     1457.635349     161395.8353     27394.45891
1994    5903.323236     1495.616048     164083.2775     28687.04267
1995    6108.157491     1537.630095     167018.854      30027.81872
1996    6255.638155     1582.585125     170224.5902     31096.46158
1997    6452.27904      1619.557486     172375.1438     31709.39709
1998    6673.500036     1644.849943     173555.7954     32291.05217
1999    6775.917163     1680.729939     174409.0688     33037.0871
2000    6976.654734     1737.869043     177374.0229     34171.42103];
