  7.2585700000000000e+005  2.8772712842992787e-001 -2.2083035621874031e-001  4.2334433201816950e-002  6.3976562789438169e+001  2.5326140709540463e+000
  7.2588600000000000e+005  9.6630057874954239e-002 -2.5000850452787889e-002 -2.4823361061491286e-002  6.0156785948212388e-001  6.0160214363644360e-001
  7.2591800000000000e+005  9.5918932265917828e-002 -2.6043125857078631e-002 -1.1245070491929559e-002  1.2997178052327034e+000  5.8335613992887025e-001
  7.2594900000000000e+005  1.0227505877748630e-001 -3.5628577912802314e-002 -1.0329392800773725e-002  1.2948463660815888e+000  5.7016379271768947e-001
  7.2598000000000000e+005  1.0504104305950507e-001 -3.4022613430784748e-002 -1.3790418779922514e-002  1.5232871648720736e+000  3.4652338328107080e-001
  7.2601000000000000e+005  1.1009640693468073e-001 -4.3756908125501481e-002  3.7971828440583472e-002  1.1007206376650549e+000  1.1100282073386444e-001
  7.2604000000000000e+005  1.0469347514315602e-001 -5.0936046195816681e-002 -8.4251016200947715e-002  6.0123991382165079e-002  4.4255558222490776e-001
  7.2607100000000000e+005  1.0544578866693757e-001 -2.3579147280708514e-002 -5.0995255362992278e-002  6.2852118988188521e-001  6.2855345699419085e-001
  7.2610200000000000e+005  1.0131487221694403e-001 -3.7495659793837559e-002 -8.2461276977536954e-002  8.1472080419288745e-002  4.3456364948937443e-001
  7.2613100000000000e+005  9.4671390664885613e-002 -2.9863895974803198e-002 -6.8127917535663801e-002  1.4511029247821994e-001  4.7375248704035777e-001
  7.2616200000000000e+005  9.8172135211414324e-002 -3.0247629905711039e-002 -1.5337540556062079e-002  2.0384996549329570e+000  4.9533007830234177e-001
  7.2619300000000000e+005  1.0061620243360536e-001 -3.4045545986363321e-002 -5.3001927467861646e-003  1.9117791871851311e+000  3.3717909273990387e-001
  7.2622200000000000e+005  1.0756872930758114e-001 -3.7849365090353179e-002 -9.9176644200326160e-003  2.0138777538374293e+000  4.3714933091794528e+000
  7.2625400000000000e+005  1.0460396183431797e-001 -2.9663361359585201e-002 -6.5625291731420971e-003  1.5749541114282155e+000  3.2511673310964317e-001
  7.2628400000000000e+005  1.0053830772247532e-001 -2.2743732445564040e-002 -7.9302365932788256e-003  1.8940254321210737e+000  3.7710969296879743e-001
  7.2631300000000000e+005  3.9780325849846449e+001 -3.9700135067010493e+001  2.4888850099098050e-002  1.4466993584607018e+004  2.1513788619381549e+000
  7.2634600000000000e+005  1.0056091808984605e-001 -1.9893576804033409e-002 -3.3086871122992828e-002  1.4184514152606872e-001  4.2528653107726289e-001
  7.2637600000000000e+005  9.6950396655564763e-002 -2.6739147730307593e-002 -3.6250834995721286e-002  3.8293267516492625e-002  4.1081403502825964e-001
  7.2640700000000000e+005  9.4551308105178908e-002 -1.6830651825199999e-001 -3.4757992510677113e-002  4.5624266349862282e-003  4.6751727280709221e-001
  7.2643700000000000e+005  9.7612311392791917e-002 -1.4899462549038255e-002  3.6354513669353120e-002  9.5614410133558303e-001  5.8759878175697965e-002
  7.2646700000000000e+005  9.8971514461220142e-002 -1.0612457382616255e-001 -2.3111078987617599e-002  4.9785262371395671e-003  3.3023278376777132e-001
  7.2649900000000000e+005  9.5729280969626310e-002 -1.0156074717418327e-001 -9.3199300413994365e-003  3.4620528451749467e-003  2.4145396568898336e-001
  7.2652700000000000e+005  9.8526271426726764e-002 -2.2220985179370867e-001  1.2434145338961127e-002  3.6351628119657057e-016  5.1177085154415591e-001
  7.2655800000000000e+005  9.5428384930984184e-002  3.2171337113204002e-003  3.1584913574840931e-002  2.3751087444352997e-001  8.6633884693765439e-001
  7.2658600000000000e+005 -8.6390095145366923e-003  1.0781047357801656e-001 -9.5377833706692429e-003  1.7164085250979883e+002  3.6075228181781238e-001
  7.2661900000000000e+005 -1.5710592211213688e+001  1.5808212473072789e+001 -2.0691838348850411e-002  1.6029120557702305e+004  4.8999768009788713e-001
  7.2664900000000000e+005 -1.5684322435545862e+001  1.5779705000361890e+001 -3.0440227749614055e-002  1.4614509909412878e+004  9.2794140162859340e-001
  7.2668000000000000e+005  8.7115119712116801e-002  6.8058127524355428e-004 -2.7672644059339599e-002  4.7102617120560514e-001  7.0832759845317406e-001
  7.2671100000000000e+005  8.9577894103391009e-002  1.2784907987112809e-003 -1.5759724951456756e-002  7.3960196109416891e+000  4.5098818323638978e-001
  7.2674000000000000e+005 -1.5989378316153100e+001  1.6081978942294626e+001 -1.6404667702930288e-002  1.0240332918562187e+005  4.4183431851033650e-001
  7.2677200000000000e+005  8.8510873262361095e-002 -4.8273560006543755e-003 -2.4297157469500879e-002  3.0806646315332809e-003  6.0663519439913727e-001
  7.2680200000000000e+005  8.7219692814033245e-002  2.5535169851347490e-003 -3.1660261959010741e-002  6.3526105651402764e-001  4.9547809055308251e-001
  7.2683100000000000e+005  8.9264507876993623e-002 -3.3294713119866241e-003 -2.7349592540119420e-002  5.7893520940544652e-001  5.7885272171232061e-001
  7.2686400000000000e+005  9.4246929077887787e-002 -1.4629563029121592e-001 -3.8727743912878004e-002  4.6539627600426098e-003  3.3637411981386189e-001
  7.2689200000000000e+005  9.3491397525414008e-002 -2.3012831832129091e-001 -3.7122161085335920e-002  2.3332702336007903e-003  3.2517958060107155e-001
  7.2692200000000000e+005  9.5474890165053061e-002 -4.0479844802836878e-001 -3.5092145231576041e-002  1.8274559006354065e-003  3.0329340387691794e-001
  7.2695300000000000e+005  9.8724572759414098e-002 -7.1308778569096143e-001 -3.7490513561538014e-002  1.1872353228854801e-003  2.8091788474728718e-001
  7.2698400000000000e+005  9.4897165366609013e-002 -7.3343918758663174e-001 -3.9314952119894081e-002  1.0016887295967072e-003  3.3511381375926597e-001
  7.2701300000000000e+005  9.3739801688704577e-002 -1.3214794567622921e+000 -4.2000677157132640e-002  5.1257339694050965e-004  4.4369674333347559e-001
  7.2704500000000000e+005  9.2102280728695030e-002 -1.5575289022837473e+000 -5.1090533579528336e-002  4.8627173455906243e-004  4.3829760593020428e-001
  7.2707600000000000e+005  1.0127921531448075e-001 -2.0468485887871347e-002 -1.6878053412894861e-002  2.3938982633706378e+000  5.4883487647213802e-001
  7.2710400000000000e+005  1.0102531909390883e-001 -1.7508720941343064e-002 -1.6038716739944850e-002  3.2873731449893060e+000  4.9870631752485339e-001
  7.2713700000000000e+005  9.8391589790015388e-002 -1.8760018291621827e-002 -1.8130082065252982e-002  1.9735063978396419e+000  7.8260962682557411e-001
  7.2716700000000000e+005  9.0449194232085459e-002 -2.7586093001645696e-002 -4.3118697734889327e-002  2.2295904432259559e-015  5.3338876498769916e-001
  7.2719800000000000e+005  9.3967711228786360e-002 -1.7417061047105949e-002 -3.8756079073326288e-002  8.8134414233736502e-001  8.8129974896808105e-001
  7.2722900000000000e+005  9.2744402382671592e-002 -2.3604168300735730e-002 -2.9539980441061209e-002  8.9506101549222006e-001  8.9520799599924716e-001
  7.2725700000000000e+005  9.0706371355926449e-002 -2.0134954016196797e-002 -4.2688867953736220e-002  6.0753328732962975e-001  6.0746457483356542e-001
  7.2728500000000000e+005  9.1025833093337394e-002 -2.7602696134990619e-002 -3.6718874603805469e-002  5.8652020988528830e-001  5.8652082266193628e-001
  7.2731800000000000e+005  9.1636246493432300e-002 -3.2176905534507791e-002 -6.0382311807274464e-002  3.2303502775615561e-001  5.7696198093710227e-001
  7.2734900000000000e+005  9.1846003713759866e-002 -3.2966918207664134e-002 -3.5260247472942874e-002  7.1719595448847584e-001  7.1726307700001768e-001
  7.2737700000000000e+005  9.3155870770803839e-002 -3.4351353329045264e-002 -5.2843329652769791e-002  3.0518633988741645e-001  5.9044351858498889e-001
  7.2741000000000000e+005  9.2008793946380452e-002 -3.4701855536969931e-002 -6.8708267781967106e-002  2.2181247364926288e-001  5.6556046945378080e-001
  7.2744000000000000e+005  8.9509453696821811e-002 -3.3278828965812704e-002 -7.1173891544497603e-002  3.0387493376789232e-001  6.3303948169714674e-001
  7.2747100000000000e+005  8.6374134258066865e-002 -3.4652746538960139e-002 -8.3504474833657125e-002  1.7643714534444588e-001  6.2879259100625073e-001
  7.2750200000000000e+005  8.8983840785813589e-002 -3.9201488935238324e-002 -9.3603307352046458e-002  2.5032652384118803e-001  7.1931204343893507e-001
  7.2753100000000000e+005  9.6288552071080891e-002 -4.3382015548146059e-002 -3.4441943200719374e-002  3.2282760204430345e+000  6.0065379477424163e-001
  7.2756300000000000e+005  8.5277337854295088e-002 -4.1964705538433164e-002 -6.1690477788809622e-002  1.0104632208620472e+000  1.0104522838469152e+000
  7.2759400000000000e+005  8.9494696569106885e-002 -4.7158671456418631e-002 -2.7929383711886364e-002  1.7817559615391900e+000  5.3523936318445708e-001
  7.2762200000000000e+005  8.7194807900377730e-002 -4.4826848786408011e-002 -3.2709144878070806e-002  1.3347810361492587e+000  6.8305347095402058e-001
  7.2765400000000000e+005  8.7087838548802615e-002 -4.5858213174054696e-002 -8.7257186348283111e-002  2.7176007827617893e-001  5.7221951542335414e-001
  7.2768400000000000e+005  8.9451125667741604e-002 -5.0510613567208540e-002 -2.9898054097976350e-002  1.2762797210388634e+000  7.2416660504519581e-001
  7.2771300000000000e+005  9.0228675965192545e-002 -5.0796800185920588e-002 -1.6302602652806891e-002  2.0987516919644493e+000  5.6585990841973888e-001
  7.2774500000000000e+005  8.8565115798319383e-002 -4.9796116115144874e-002 -2.5304865395679575e-002  2.0278208492478980e+000  7.3675560104188575e-001
  7.2777600000000000e+005  8.4854669109729608e-002 -5.1502575937394268e-002 -2.2851479437451840e-002  2.0812119173515988e+000  8.4921400958703397e-001
  7.2780700000000000e+005  8.6332722759742506e-002 -5.2176524845947855e-002 -3.0274190932835322e-002  2.1322704861453392e+000  1.0609070845054305e+000
  7.2783700000000000e+005  8.8076164970065471e-002 -6.9571417077710404e-002  4.2128011641851967e-002  2.7721478907189128e+000  7.5947533913836851e-002
  7.2786700000000000e+005  8.6572034242355989e-002 -6.7343732096009135e-002  4.2368407526472480e-002  1.9429372561032106e+000  8.7874461389459674e-002
  7.2789800000000000e+005  8.3867915222362727e-002 -6.0372505536404983e-002  5.6409816137995686e-002  1.5653081637447295e+000  5.3773048870121951e-002
  7.2792900000000000e+005  8.2851347860468688e-002 -5.9295846501576988e-002  2.6053251684708754e-002  1.7615694202968464e+000  6.8669530002747614e-002
  7.2795800000000000e+005  8.3057536563218459e-002 -6.0265462194595477e-002  2.6153533903572106e-002  2.2834886115189104e+000  7.7202512270289389e-002
  7.2798600000000000e+005  7.9893340679998814e-002 -5.5537583741198868e-002  2.0993050226787907e-002  2.7582345108698063e+000  5.9808639022146518e-002
  7.2801900000000000e+005  8.0519232686471612e-002 -5.5696054731024687e-002  1.9479673498368440e-002  2.8189889951058742e+000  7.2553105173265436e-002
  7.2804900000000000e+005  8.4446219072112028e-002 -6.0147705638307770e-002  1.9900740429732278e-002  3.3887254042921815e+000  7.6585247581598639e-002
  7.2807700000000000e+005  7.8586164462398120e-002 -5.0222192191210865e-002  9.2343003693754616e-003  2.5875329204145032e+000  6.5043762700990493e-002
  7.2811000000000000e+005  7.9124264069650660e-002 -4.8224919047520284e-002 -1.8624055237033079e-003  3.5486219445839118e+000  6.1792214410634783e-001
  7.2814000000000000e+005  1.8900525357078885e+002 -1.8897489853907712e+002  7.2205968634396406e-002  8.8575553282204448e+004  5.7049322496745374e+000
  7.2817200000000000e+005  1.8894196435130715e+002 -1.8891158119344726e+002  1.0255554219278179e-001  2.6934219787919382e+006  9.5586468055109055e+000
  7.2820200000000000e+005  1.8893701157112076e+002 -1.8890631798574225e+002  1.0524476706601418e-001  5.7851287062973138e+006  1.0361935631552148e+001
  7.2823100000000000e+005  1.8893767235121783e+002 -1.8890642523461622e+002  9.9708133107365413e-002  9.8598289878899343e+006  9.1595631662495194e+000
  7.2826300000000000e+005  7.6502573762616655e-002 -4.0248046048368756e-002 -1.6753854467681344e-002  3.4490733440230974e+000  3.6303825842750315e-001
  7.2829400000000000e+005  7.1695888146759174e-002 -3.9851446476785964e-002 -6.5527336283354460e-003  2.4049517892658878e+000  4.9820498183106710e-001
  7.2832500000000000e+005  6.9200389223591341e-002 -3.8664761564583219e-002 -5.0352602175823425e-003  2.4739141531575792e+000  4.4588701983281354e-001
  7.2835300000000000e+005  4.4112206068389135e+000 -4.3764546651158014e+000  5.3223862795229490e-002  1.3027060170923787e+003  3.7514543284432684e+000
  7.2838400000000000e+005  8.0525773149354885e-002 -4.7004147371177377e-002  5.5575732606103455e-003  1.6054749922094889e+000  9.3501635931923108e-002
  7.2841300000000000e+005  7.9677566116884369e-002 -4.1489522254732653e-002  1.6187833649485374e-002  1.2489642451235841e+000  1.7843514476743769e-015
  7.2844500000000000e+005  7.9905735764923352e-002 -3.8843002362986698e-002  2.6569225513533579e-002  1.1696716209887794e+000  1.3980535389051850e-015
  7.2847500000000000e+005  8.1170979224675532e-002 -3.7155913984068062e-002  4.7418553860826135e-002  1.2043570902490401e+000  5.2948252437826403e-016
  7.2850400000000000e+005  7.8763864633366668e-002 -3.5029557754716265e-002  6.5510363051547546e-002  1.2348909755422255e+000  5.1418987567739950e-016
  7.2853700000000000e+005  8.0306285791404586e-002 -3.3804544250935362e-002  1.0149858489455713e-001  1.3949772856076985e+000  2.6524533630480633e-016
  7.2856700000000000e+005  1.0388835683134445e-001 -5.4448253800620509e-002  4.6596576432035158e-002  8.9429152970693053e+000  1.9950878178273816e+000
  7.2859800000000000e+005  8.4463686111136443e-002 -4.0733616409340270e-002 -5.9771390695648977e-002  1.2165014219897560e-001  4.1864183651564391e-001
  7.2862800000000000e+005  8.4272639269395100e-002 -2.4865641873200606e-002 -4.8994520152142673e-002  1.2380931404865220e-001  2.6057521999535760e-001
  7.2865800000000000e+005  8.9324782691549698e-002 -3.2058574560450546e-002  5.9276413759421623e-002  5.8008745770871943e+000  1.1923929681944099e+000
  7.2869000000000000e+005  2.2853625898203506e+002 -2.2847783125437411e+002  4.9283566581679927e-002  8.9533282901507977e+004  1.7595046110191619e+000
  7.2871800000000000e+005  2.2855604510868869e+002 -2.2849654291227301e+002  3.1545874858224396e-002  1.1575157215861563e+005  2.3217205115217943e+000
  7.2874900000000000e+005  2.2854957456735610e+002 -2.2849005052722902e+002  2.9900068513145084e-002  1.1747390457489796e+005  2.2888928809100682e+000
  7.2877700000000000e+005  2.2854605876558384e+002 -2.2848690787405593e+002  2.4974631816203782e-002  1.2034464339417529e+005  2.6376399047415582e+000
  7.2881000000000000e+005  2.2849119673355244e+002 -2.2843041578963624e+002 -1.0471119909020936e-002  1.6736923489450288e+005  6.2274161438986098e-001
  7.2884000000000000e+005  2.2851569447795106e+002 -2.2845322818966349e+002 -2.2207463076205136e-002  2.3753199778570878e+005  5.0195962943471883e-001
  7.2887100000000000e+005  2.2852344396668278e+002 -2.2846405913764238e+002 -1.1542027284808760e-002  1.1238584497939167e+005  2.7765957075045111e-001
  7.2890200000000000e+005  7.2983243812121928e-002 -1.4332432870138214e-002 -9.3628541877272993e-003  4.1831462552320273e+000  5.6050483932208528e-001
  7.2893100000000000e+005  6.9716802785530510e-002 -1.1675034839992885e-002 -7.5734902885614026e-003  3.1843988828382050e+000  5.8340985383798305e-001
  7.2896300000000000e+005  9.6434839885705159e+001 -9.6376358832557713e+001 -9.2764670810777002e-003  7.6040366171264264e+004  6.7168065382646258e-001
  7.2899300000000000e+005  9.6449539201262809e+001 -9.6390977781799279e+001 -1.7952257691885010e-002  1.0440989006704369e+005  9.1480439843860983e-001
  7.2902200000000000e+005  9.6442652534866269e+001 -9.6385775144216439e+001 -1.7525717107115802e-002  9.8243561890116427e+004  7.8778405632995152e-001
  7.2905500000000000e+005  9.6448651019286942e+001 -9.6394440126716290e+001 -1.9093374822423174e-002  6.3759646708072905e+004  8.2090943373390068e-001
  7.2908400000000000e+005  7.2772889663512891e-002 -2.0055297176711680e-002 -1.2614440106244258e-002  3.3478294803585906e+000  5.1306090790517644e-001
  7.2911300000000000e+005  7.1318159256084507e-002 -1.8353098664318827e-002 -8.9227679589692892e-003  1.8441353399646350e+000  4.4655339781668824e-001
  7.2914500000000000e+005  7.3180761228564414e-002 -1.9714850257862161e-002 -1.2803182913244424e-002  1.3041042281131858e+000  4.1643719100793997e-001
  7.2917600000000000e+005  7.4132926319365772e-002 -2.1030193553068136e-002 -2.3809623696621235e-002  5.4074952526460240e-001  5.4066370905127137e-001
  7.2920400000000000e+005  7.4270730912423144e-002 -1.9780240063609910e-002 -5.1851329427477595e-003  1.8943296489351895e+000  9.7263657137529408e-002
  7.2923700000000000e+005  9.2440341724199321e-002 -3.9775026020210796e-002 -5.2096770232399392e-002  1.3386590948785058e+000  4.5993464231571197e+000
  7.2926700000000000e+005  6.3284944553212831e+001 -6.3232391951786198e+001 -1.3286584458671564e+002  2.3000179711833326e+001  4.8596969074380837e+001
  7.2929800000000000e+005  6.3023818890992715e+001 -6.2970967134548403e+001 -1.3176413839691352e+002  2.6542886214839076e+001  5.5809276091266831e+001
  7.2932900000000000e+005  6.3128246755197203e+001 -6.3076071663093565e+001 -1.3116953907283050e+002  3.0429167076278969e+001  6.3529831656951558e+001
  7.2935800000000000e+005  3.3995732578521661e+001 -3.3942245396172794e+001  3.7588306978731348e-002  1.7153247333666161e+006  1.0021400739381130e+001
  7.2939000000000000e+005  7.0435459804053496e-002 -1.5891106643307441e-002 -5.7184206189865479e-003  1.9727528701001584e+000  3.5107181834278445e-001
  7.2942100000000000e+005  7.6537828217593695e-002 -2.2750561557924535e-002  7.7400633842437333e-003  4.3632029949576010e+000  1.0327313784749195e+000
  7.2944900000000000e+005  7.0402892805336806e-002 -2.1431433469466243e-002  1.3313118686661842e-002  1.0371972747853166e+000  5.8652874193194482e-002
  7.2948000000000000e+005  7.3491698154985824e-002 -2.4848486823778493e-002  2.1282259060876250e-002  8.1863621025859923e-001  6.2698235762075200e-002
  7.2951000000000000e+005  7.1834792584161561e-002 -1.6885584632279481e-002  2.3032538571347676e-003  1.1707875466591662e+000  1.3985156619083328e-001
  7.2954000000000000e+005  8.3250395645663986e+001 -8.3195044742649401e+001  2.4368720042881188e-002  4.3450721209032905e+004  2.2443678856818847e+000
  7.2957100000000000e+005  8.3211627203943522e+001 -8.3156427946740166e+001  2.4767163297786846e-002  5.4492310712304432e+004  2.7845733352165083e+000
  7.2960200000000000e+005  8.3235277741278935e+001 -8.3180470832289615e+001  1.7239717367480072e-002  9.7485141341118462e+004  3.4766342427240504e+000
  7.2963100000000000e+005  8.3211771717118808e+001 -8.3156608570393800e+001  1.8257149381651766e-002  5.3874381005609059e+004  2.5137344253323475e+000
  7.2966300000000000e+005  8.3202213544266954e+001 -8.3146776971861073e+001  1.5520815154102741e-002  7.0045415081354135e+004  2.6726770255261778e+000
  7.2969400000000000e+005  8.3142228583551372e+001 -8.3086549708897593e+001  1.2050716482833726e-002  9.9205278211805999e+004  3.6087228881504139e+000
  7.2972200000000000e+005  8.2682288857236927e+001 -8.2624582622053680e+001  1.5278365032678118e-002  2.2108629153062105e+006  6.3688912325659786e+000
  7.2975500000000000e+005  6.1873520893341361e-002  1.7564030694138397e-002 -1.8493551111333790e-002  4.5182755954021386e-003  2.6968675908668016e-001
  7.2978500000000000e+005  6.3036757083457212e-002 -7.2594011468380213e-003 -6.0958745184635770e-003  4.7433625651088480e+000  5.6657488726237060e-001
  7.2981300000000000e+005  6.1367433351813022e-002 -6.4475532672174356e-003 -1.8794639037315417e-002  7.4445332674949349e-002  4.1298564028809120e-001
  7.2984500000000000e+005  7.1425820860027613e+001 -7.1367262379963677e+001 -1.0899499722490581e-002  1.1388329817381082e+005  1.5751312370716797e-001
  7.2987500000000000e+005  7.1342992038004411e+001 -7.1284336745569590e+001 -9.7401981374789122e-003  1.2515883152954257e+005  1.0214982566463167e-001
  7.2990400000000000e+005  7.1328991478479622e+001 -7.1271418098346032e+001 -7.7423942219399591e-003  1.2313703459423874e+005  1.1536454165581239e-001
  7.2993600000000000e+005  5.9834687552694985e-002 -3.9037569399378172e-003 -2.5426308057526475e-003  1.1053762400822884e+000  4.0102203285027382e-001
  7.2996700000000000e+005  6.0102989490368922e-002 -5.2355445075915729e-003 -1.2415206091079666e-002  9.2161817683421368e-002  3.7707235861635319e-001
  7.2999800000000000e+005  7.1286037615081966e+001 -7.1230413026215786e+001 -7.5221590984197607e-003  1.0088429319631179e+005  6.3574353876349043e-001
  7.3002800000000000e+005  2.3897053698335874e+001 -2.3843245647765897e+001 -2.1278753594767219e-002  8.2657646247636556e+004  1.3898305191115985e+000
  7.3005800000000000e+005  5.6974705026880484e-002 -1.1576367967201842e-002 -3.9077680492159136e-002  2.5034788098915257e-002  9.6328064817138381e-001
  7.3008900000000000e+005  5.5025796815756353e-002  3.1046066128339898e-002 -2.0298371991575463e-002  4.1724966336733928e-003  6.1493653799504111e-001
  7.3012000000000000e+005  6.1902253480987428e-002 -1.1620472697053467e-002 -4.5122581645100236e-003  9.9531200666772044e+000  4.7396180378017072e-001
  7.3014900000000000e+005  5.8308772494331383e-002 -9.1277096486384324e-003 -2.6096760593699352e-003  5.5064032039239503e+000  2.9164458762880996e-001
  7.3017700000000000e+005  6.0367740560470146e-002 -1.1096149750174887e-002 -5.1075346255533161e-003  1.0381456811286878e+000  2.4233765571672236e-001
  7.3021000000000000e+005  6.2532929419081201e-002 -1.3002941201173240e-002 -7.8651697109984025e-003  1.8296220842276494e+000  3.0377965590201272e-001
  7.3024000000000000e+005  6.1587957561146642e-002 -1.2993998013766578e-002 -4.2126018860281934e-003  1.5802087750234413e+000  3.7686105570356132e-001
  7.3026800000000000e+005  6.5161690231932662e-002 -1.8281056699070590e-002 -3.3272176151604681e-002  1.2513694135833886e-001  3.7179015760079287e-001
  7.3030100000000000e+005  9.7069292553476345e+001 -9.7017613971441477e+001  3.0153039222178921e-002  5.1885184168044594e+004  2.4968513731435591e+000
  7.3033100000000000e+005  9.7062214892788887e+001 -9.7010950877099418e+001  3.0918225049574720e-002  4.0749720513233646e+004  2.0229305789197287e+000
  7.3036300000000000e+005  9.7054314816304981e+001 -9.7001420916661459e+001  3.0195476203675804e-002  4.0552023929303003e+004  2.1385107882635315e+000
  7.3039300000000000e+005  6.9905840227307225e-002 -2.7563505986675625e-002  4.7566294608696331e-002  9.8668795347039162e-001  1.1936552637979891e-001
  7.3042200000000000e+005  6.9238872396410592e-002 -3.0271119445740173e-002  5.6013255146915478e-002  7.0499617374068146e-001  1.1752171021132789e-001
  7.3045400000000000e+005  7.0029622263010849e-002 -1.8919490999994858e-002  4.1811375083490296e-002  7.7907390974287405e-001  4.1973381243428282e-002
  7.3048500000000000e+005  7.2137858429884447e-002 -2.5323171885488525e-002  3.1517043273325107e-002  5.8796654641441548e-001  7.4800060435908186e-002
  7.3051600000000000e+005  7.5726977512399998e-002 -3.5639287904732843e-002  5.0333108547550069e-002  3.9987463209746221e-001  5.9121484918892964e-002
  7.3054500000000000e+005  7.5010954966294341e-002 -2.4377469999540130e-002  2.1812485469227857e-002  5.2162468880526580e-001  6.1725273964532215e-002
  7.3057600000000000e+005  7.2913708110527026e-002 -2.8058277152624225e-002  4.2209996597296399e-002  2.7859396559861449e-001  4.8931829632741466e-002
  7.3060400000000000e+005  7.3921148895781830e-002 -1.7669796545133409e-002  1.5010726908588484e-002  3.2537656932681808e-001  5.0544456488079231e-002
  7.3063700000000000e+005  7.6036694672991650e-002 -8.3376675297050923e-002 -2.2243476379913380e-002  6.0949880370455723e-003  1.5751213446264278e-001
  7.3066700000000000e+005  7.1727981111130448e-002 -1.5670610635997889e-001 -1.4394505547646718e-002  1.3186686215206341e-003  1.1838884714724433e-001
  7.3069800000000000e+005  7.1633967356564188e-002 -6.0773890754343451e-001 -1.4402782854774664e-002  5.2297101849196621e-004  2.1194911950419626e-001
  7.3072900000000000e+005  6.9316512221099552e-002 -1.1469869379987410e+000 -8.6788055635898132e-003  2.0145019772324654e-004  2.5634445793982202e-001
  7.3075800000000000e+005  6.8760329841860493e-002 -1.3362438775686820e+000 -1.0335512317016640e-002  1.5561693069800859e-004  8.3746959382985431e-001
